1 0 1 84 25
2 0 1 138 25
3 0 1 192 25
1 1 1 84 73
2 1 1 138 73
7 1 1 408 73
2 2 1 138 121
8 2 1 462 121
1 3 1 84 169
2 3 1 138 169
3 3 1 192 169
4 3 1 246 169
5 3 1 300 169
7 3 1 408 169
8 3 1 462 169
1 4 1 84 217
3 4 1 192 217
4 4 1 246 217
5 4 1 300 217
6 4 1 354 217
8 4 1 462 217
0 5 1 30 265
4 5 1 246 265
8 5 1 462 265
2 6 1 138 313
5 6 1 300 313
7 6 1 408 313
1 7 1 84 361
2 7 1 138 361
6 7 1 354 361
7 7 1 408 361
2 8 1 138 409
6 8 1 354 409
5 9 1 300 457
8 9 1 462 457
3 10 1 192 505
4 10 1 246 505
9 10 1 516 505
10 10 1 570 505
5 12 1 300 601
6 12 14 354 601
