1 0 1 84 25
4 0 1 246 25
5 0 1 300 25
2 1 5 138 97
3 1 12 192 73
4 1 1 246 73
8 1 1 462 73
9 1 1 516 73
10 1 6 570 73
0 2 6 30 121
2 2 1 138 121
3 2 12 192 121
6 2 1 354 121
8 2 12 462 121
11 2 12 624 121
12 2 13 678 121
0 3 13 30 169
1 3 13 84 169
2 3 13 138 169
3 3 13 192 169
4 3 1 246 169
5 3 13 300 169
6 3 1 354 169
7 3 1 408 169
8 3 12 462 169
9 3 11 516 169
10 3 11 570 169
11 3 12 624 169
12 3 11 678 169
0 4 13 30 217
1 4 13 84 217
3 4 12 192 217
4 4 4 246 217
6 4 12 354 217
7 4 12 408 217
8 4 12 462 217
9 4 11 516 217
10 4 12 570 217
11 4 12 624 217
2 5 1 138 265
3 5 12 192 265
4 5 11 246 265
5 5 11 300 265
6 5 12 354 265
7 5 11 408 265
8 5 11 462 265
9 5 11 516 265
10 5 12 570 265
11 5 1 624 265
12 5 1 678 265
0 6 1 30 313
1 6 1 84 313
3 6 12 192 313
4 6 11 246 313
5 6 1 300 313
6 6 1 354 313
7 6 1 408 313
8 6 2 462 313
9 6 12 516 313
10 6 12 570 313
12 6 12 678 313
3 7 12 192 361
4 7 11 246 361
9 7 12 516 361
10 7 8 597 361
11 7 7 624 361
12 7 12 678 361
0 8 11 30 409
1 8 11 84 409
2 8 11 138 409
3 8 12 192 409
4 8 11 246 409
5 8 1 300 409
6 8 6 354 409
7 8 1 408 409
8 8 6 462 409
9 8 1 516 409
10 8 8 597 409
12 8 12 678 409
3 9 5 192 481
4 9 5 246 481
10 9 8 597 457
11 9 1 624 457
12 9 1 678 457
0 10 6 30 505
4 10 1 246 505
5 10 4 300 505
6 10 4 354 505
7 10 4 408 505
8 10 1 462 505
9 10 5 516 529
0 11 1 30 553
1 11 1 84 553
2 11 4 138 553
4 11 6 246 553
6 11 5 354 577
9 11 4 516 553
10 11 1 570 553
0 12 4 30 601
2 12 6 138 601
5 12 3 327 601
6 12 14 354 601
7 12 2 408 601
11 12 1 624 601
