7 0 9 408 25
8 0 9 462 25
2 1 11 138 73
3 1 9 192 73
4 1 9 246 73
5 1 9 300 73
10 1 6 570 73
0 2 1 30 121
2 2 11 138 121
6 2 13 354 121
8 2 9 462 121
9 2 1 516 121
10 2 11 570 121
12 2 1 678 121
1 3 1 84 169
5 3 13 300 169
6 3 6 354 169
10 3 11 570 169
11 3 1 624 169
2 4 1 138 217
4 4 13 246 217
5 4 11 300 217
6 4 6 354 217
7 4 13 408 217
8 4 13 462 217
9 4 13 516 217
10 4 11 570 217
11 4 6 624 217
0 5 6 30 265
1 5 6 84 265
2 5 13 138 265
3 5 13 192 265
4 5 11 246 265
5 5 6 300 265
6 5 6 354 265
8 5 6 462 265
9 5 1 516 265
10 5 13 570 265
0 6 13 30 313
1 6 13 84 313
2 6 13 138 313
3 6 6 192 313
4 6 11 246 313
5 6 1 300 313
8 6 1 462 313
9 6 6 516 313
11 6 13 624 313
12 6 13 678 313
0 7 7 30 361
4 7 6 246 361
6 7 1 354 361
7 7 6 408 361
8 7 6 462 361
11 7 8 651 361
12 7 13 678 361
1 8 8 111 409
2 8 6 138 409
6 8 1 354 409
7 8 1 408 409
8 8 13 462 409
11 8 6 624 409
12 8 13 678 409
1 9 6 84 457
5 9 1 300 457
6 9 6 354 457
7 9 13 408 457
8 9 1 462 457
10 9 6 570 457
11 9 6 624 457
12 9 13 678 457
1 10 9 84 505
2 10 9 138 505
3 10 6 192 505
4 10 1 246 505
6 10 13 354 505
9 10 6 516 505
12 10 13 678 505
0 11 1 30 553
1 11 11 84 553
2 11 11 138 553
3 11 1 192 553
6 11 5 354 577
9 11 9 516 553
10 11 1 570 553
12 11 6 678 553
0 12 1 30 601
1 12 1 84 601
2 12 1 138 601
5 12 3 327 601
6 12 14 354 601
7 12 2 408 601
