1 0 12 84 25
2 0 12 138 25
3 0 12 192 25
4 0 12 246 25
5 0 12 300 25
7 0 12 408 25
8 0 12 462 25
9 0 12 516 25
10 0 12 570 25
11 0 12 624 25
0 1 12 30 73
1 1 12 84 73
3 1 1 192 73
4 1 1 246 73
5 1 1 300 73
7 1 1 408 73
8 1 1 462 73
9 1 1 516 73
11 1 12 624 73
12 1 12 678 73
0 2 12 30 121
1 2 12 84 121
3 2 1 192 121
5 2 1 300 121
7 2 1 408 121
9 2 1 516 121
11 2 12 624 121
12 2 12 678 121
0 3 12 30 169
1 3 12 84 169
3 3 1 192 169
4 3 1 246 169
5 3 1 300 169
7 3 1 408 169
9 3 1 516 169
11 3 12 624 169
12 3 12 678 169
0 4 12 30 217
1 4 12 84 217
5 4 1 300 217
7 4 1 408 217
9 4 1 516 217
11 4 12 624 217
12 4 12 678 217
0 5 12 30 265
1 5 12 84 265
3 5 1 192 265
4 5 1 246 265
5 5 1 300 265
7 5 1 408 265
8 5 1 462 265
9 5 1 516 265
11 5 12 624 265
12 5 12 678 265
0 6 12 30 313
1 6 12 84 313
2 6 12 138 313
3 6 12 192 313
4 6 12 246 313
5 6 12 300 313
6 6 12 354 313
7 6 12 408 313
8 6 12 462 313
9 6 12 516 313
10 6 12 570 313
11 6 12 624 313
12 6 12 678 313
0 7 6 30 361
6 7 6 354 361
12 7 6 678 361
0 8 13 30 409
1 8 5 84 433
3 8 5 192 433
5 8 5 300 433
6 8 1 354 409
7 8 5 408 433
9 8 5 516 433
11 8 5 624 433
12 8 13 678 409
0 9 13 30 457
1 9 1 84 457
2 9 6 138 457
3 9 1 192 457
4 9 6 246 457
5 9 1 300 457
6 9 1 354 457
7 9 1 408 457
8 9 6 462 457
9 9 1 516 457
10 9 6 570 457
11 9 1 624 457
12 9 13 678 457
0 10 13 30 505
1 10 1 84 505
3 10 1 192 505
5 10 4 300 505
7 10 4 408 505
9 10 1 516 505
11 10 1 624 505
12 10 13 678 505
0 11 13 30 553
1 11 1 84 553
3 11 1 192 553
6 11 5 354 577
9 11 1 516 553
11 11 1 624 553
12 11 13 678 553
0 12 13 30 601
1 12 13 84 601
2 12 13 138 601
5 12 3 327 601
6 12 14 354 601
7 12 2 408 601
10 12 13 570 601
11 12 13 624 601
