1 0 12 84 25
2 0 12 138 25
3 0 12 192 25
4 0 1 246 25
5 0 12 300 25
7 0 12 408 25
8 0 1 462 25
9 0 12 516 25
10 0 12 570 25
11 0 12 624 25
0 1 12 30 73
1 1 13 84 73
2 1 13 138 73
3 1 13 192 73
4 1 1 246 73
10 1 10 570 97
11 1 10 624 97
12 1 10 678 97
0 2 6 30 121
1 2 13 84 121
2 2 13 138 121
3 2 13 192 121
4 2 12 246 121
5 2 12 300 121
6 2 12 354 121
7 2 12 408 121
8 2 12 462 121
9 2 12 516 121
10 2 12 570 121
11 2 12 624 121
12 2 12 678 121
0 3 11 30 169
1 3 13 84 169
2 3 13 138 169
3 3 13 192 169
7 3 1 408 169
9 3 1 516 169
10 3 1 570 169
11 3 1 624 169
12 3 1 678 169
0 4 11 30 217
1 4 13 84 217
2 4 13 138 217
3 4 13 192 217
4 4 1 246 217
5 4 1 300 217
6 4 1 354 217
7 4 4 408 217
9 4 1 516 217
11 4 3 651 217
0 5 11 30 265
1 5 13 84 265
2 5 13 138 265
3 5 13 192 265
6 5 1 354 265
11 5 3 651 265
0 6 11 30 313
1 6 13 84 313
2 6 12 138 313
3 6 12 192 313
4 6 12 246 313
5 6 12 300 313
6 6 6 354 313
7 6 6 408 313
8 6 6 462 313
9 6 12 516 313
10 6 12 570 313
11 6 13 624 313
12 6 12 678 313
0 7 11 30 361
1 7 5 84 385
3 7 5 192 385
9 7 13 516 361
10 7 13 570 361
11 7 13 624 361
12 7 11 678 361
0 8 6 30 409
1 8 1 84 409
2 8 1 138 409
3 8 1 192 409
4 8 2 246 409
5 8 3 327 409
6 8 4 354 409
7 8 4 408 409
8 8 4 462 409
9 8 13 516 409
10 8 13 570 409
11 8 13 624 409
12 8 13 678 409
0 9 1 30 457
5 9 1 300 457
7 9 5 408 481
8 9 5 462 481
9 9 13 516 457
10 9 13 570 457
11 9 13 624 457
12 9 13 678 457
0 10 1 30 505
3 10 7 192 505
7 10 4 408 505
8 10 4 462 505
9 10 11 516 505
10 10 13 570 505
11 10 13 624 505
12 10 11 678 505
0 11 1 30 553
1 11 1 84 553
3 11 7 192 553
6 11 5 354 577
9 11 13 516 553
10 11 13 570 553
11 11 13 624 553
12 11 11 678 553
0 12 6 30 601
1 12 1 84 601
2 12 1 138 601
3 12 1 192 601
5 12 3 327 601
6 12 14 354 601
7 12 2 408 601
9 12 1 516 601
10 12 1 570 601
