1 0 12 84 25
2 0 13 138 25
11 0 13 624 25
0 1 13 30 73
1 1 12 84 73
4 1 5 246 97
5 1 1 300 73
6 1 1 354 73
7 1 13 408 73
8 1 13 462 73
9 1 13 516 73
10 1 13 570 73
12 1 13 678 73
0 2 13 30 121
1 2 12 84 121
3 2 5 192 145
4 2 1 246 121
5 2 13 300 121
6 2 13 354 121
7 2 12 408 121
8 2 1 462 121
9 2 1 516 121
10 2 5 570 145
12 2 9 678 121
0 3 9 30 169
2 3 12 138 169
3 3 1 192 169
4 3 1 246 169
5 3 12 300 169
6 3 12 354 169
7 3 1 408 169
8 3 1 462 169
9 3 13 516 169
10 3 13 570 169
11 3 2 624 169
2 4 3 165 217
3 4 4 192 217
8 4 1 462 217
9 4 1 516 217
11 4 2 624 217
0 5 11 30 265
2 5 3 165 265
4 5 7 246 265
6 5 7 354 265
8 5 1 462 265
9 5 2 516 265
2 6 1 138 313
4 6 5 246 337
5 6 5 300 337
8 6 1 462 313
9 6 2 516 313
11 6 11 624 313
12 6 11 678 313
0 7 6 30 361
2 7 1 138 361
3 7 1 192 361
4 7 13 246 361
5 7 13 300 361
7 7 1 408 361
8 7 1 462 361
9 7 1 516 361
11 7 13 624 361
12 7 1 678 361
0 8 6 30 409
1 8 3 111 409
2 8 1 138 409
3 8 1 192 409
4 8 13 246 409
5 8 1 300 409
6 8 1 354 409
7 8 1 408 409
8 8 1 462 409
9 8 1 516 409
10 8 2 570 409
11 8 13 624 409
12 8 1 678 409
0 9 12 30 457
1 9 4 84 457
2 9 4 138 457
3 9 1 192 457
4 9 13 246 457
5 9 1 300 457
6 9 1 354 457
7 9 1 408 457
8 9 1 462 457
9 9 4 516 457
10 9 4 570 457
11 9 13 624 457
12 9 1 678 457
0 10 12 30 505
1 10 1 84 505
2 10 1 138 505
3 10 5 192 529
4 10 4 246 505
5 10 1 300 505
6 10 1 354 505
7 10 4 408 505
8 10 5 462 529
9 10 1 516 505
10 10 1 570 505
11 10 12 624 505
12 10 13 678 505
0 11 13 30 553
2 11 4 138 553
3 11 4 192 553
6 11 5 354 577
8 11 4 462 553
9 11 4 516 553
11 11 13 624 553
12 11 13 678 553
0 12 6 30 601
1 12 13 84 601
5 12 3 327 601
6 12 14 354 601
7 12 2 408 601
10 12 13 570 601
11 12 13 624 601
