2 0 1 138 25
5 0 1 300 25
7 0 5 408 49
9 0 1 516 25
0 1 13 30 73
1 1 1 84 73
2 1 1 138 73
3 1 1 192 73
5 1 1 300 73
7 1 10 408 97
9 1 1 516 73
10 1 1 570 73
0 2 13 30 121
1 2 13 84 121
2 2 13 138 121
7 2 1 408 121
9 2 4 516 121
11 2 3 651 121
12 2 2 678 121
0 3 13 30 169
1 3 11 84 169
2 3 11 138 169
3 3 11 192 169
4 3 11 246 169
5 3 11 300 169
6 3 1 354 169
7 3 11 408 169
8 3 11 462 169
9 3 11 516 169
10 3 11 570 169
11 3 13 624 169
12 3 13 678 169
0 4 1 30 217
1 4 1 84 217
6 4 1 354 217
7 4 5 408 241
10 4 13 570 217
11 4 13 624 217
12 4 13 678 217
0 5 1 30 265
1 5 13 84 265
2 5 1 138 265
5 5 3 327 265
6 5 6 354 265
7 5 1 408 265
8 5 6 462 265
9 5 1 516 265
10 5 1 570 265
11 5 9 624 265
12 5 9 678 265
0 6 1 30 313
1 6 1 84 313
3 6 1 192 313
4 6 1 246 313
5 6 1 300 313
6 6 1 354 313
7 6 1 408 313
8 6 13 462 313
9 6 1 516 313
10 6 1 570 313
11 6 1 624 313
12 6 1 678 313
0 7 13 30 361
1 7 13 84 361
3 7 6 192 361
4 7 13 246 361
5 7 10 300 385
6 7 13 354 361
7 7 13 408 361
8 7 13 462 361
9 7 13 516 361
10 7 13 570 361
11 7 6 624 361
0 8 6 30 409
1 8 11 84 409
3 8 11 192 409
4 8 11 246 409
5 8 11 300 409
6 8 11 354 409
7 8 11 408 409
9 8 11 516 409
10 8 11 570 409
11 8 11 624 409
12 8 11 678 409
0 9 13 30 457
1 9 13 84 457
3 9 3 219 457
6 9 5 354 481
7 9 5 408 481
12 9 12 678 457
0 10 13 30 505
1 10 13 84 505
2 10 1 138 505
4 10 2 246 505
7 10 3 435 505
9 10 10 516 529
10 10 5 570 529
11 10 1 624 505
12 10 12 678 505
0 11 13 30 553
1 11 10 84 577
2 11 1 138 553
4 11 2 246 553
6 11 5 354 577
9 11 4 516 553
11 11 1 624 553
12 11 12 678 553
0 12 12 30 601
1 12 12 84 601
2 12 1 138 601
3 12 1 192 601
5 12 3 327 601
6 12 14 354 601
7 12 2 408 601
9 12 5 516 625
11 12 4 624 601
12 12 12 678 601
