3 0 1 192 25
8 0 13 462 25
9 0 10 516 49
10 0 13 570 25
0 1 1 30 73
1 1 1 84 73
5 1 13 300 73
6 1 10 354 97
7 1 13 408 73
8 1 13 462 73
9 1 6 516 73
10 1 7 570 73
11 1 1 624 73
12 1 1 678 73
0 2 13 30 121
1 2 11 84 121
2 2 13 138 121
3 2 10 192 145
4 2 13 246 121
5 2 8 327 121
6 2 6 354 121
7 2 7 408 121
8 2 13 462 121
9 2 9 516 121
10 2 13 570 121
11 2 11 624 121
12 2 1 678 121
0 3 1 30 169
1 3 11 84 169
2 3 8 165 169
3 3 6 192 169
4 3 7 246 169
5 3 13 300 169
6 3 9 354 169
7 3 13 408 169
11 3 11 624 169
12 3 13 678 169
0 4 1 30 217
1 4 11 84 217
2 4 13 138 217
3 4 9 192 217
4 4 13 246 217
11 4 11 624 217
12 4 1 678 217
0 5 1 30 265
1 5 11 84 265
3 5 13 192 265
4 5 10 246 289
5 5 13 300 265
7 5 13 408 265
8 5 10 462 289
9 5 13 516 265
11 5 11 624 265
12 5 1 678 265
0 6 6 30 313
1 6 1 84 313
3 6 8 219 313
4 6 6 246 313
5 6 7 300 313
7 6 8 435 313
8 6 6 462 313
9 6 7 516 313
11 6 1 624 313
12 6 1 678 313
0 7 1 30 361
1 7 11 84 361
3 7 13 192 361
4 7 9 246 361
5 7 13 300 361
7 7 13 408 361
8 7 9 462 361
9 7 13 516 361
11 7 11 624 361
12 7 13 678 361
0 8 1 30 409
1 8 11 84 409
3 8 13 192 409
4 8 10 246 433
5 8 13 300 409
7 8 13 408 409
8 8 10 462 433
9 8 13 516 409
11 8 11 624 409
12 8 1 678 409
0 9 1 30 457
1 9 11 84 457
3 9 8 219 457
4 9 6 246 457
5 9 7 300 457
7 9 8 435 457
8 9 6 462 457
9 9 7 516 457
11 9 11 624 457
12 9 1 678 457
0 10 13 30 505
1 10 11 84 505
3 10 13 192 505
4 10 9 246 505
5 10 13 300 505
7 10 13 408 505
8 10 9 462 505
9 10 13 516 505
11 10 11 624 505
12 10 1 678 505
0 11 1 30 553
1 11 1 84 553
2 11 5 138 577
6 11 5 354 577
10 11 5 570 577
11 11 1 624 553
12 11 1 678 553
0 12 1 30 601
1 12 1 84 601
2 12 1 138 601
3 12 1 192 601
5 12 3 327 601
6 12 14 354 601
7 12 2 408 601
9 12 1 516 601
10 12 1 570 601
11 12 1 624 601
12 12 1 678 601
