1 0 12 84 25
2 0 12 138 25
3 0 12 192 25
4 0 12 246 25
5 0 3 327 25
7 0 2 408 25
8 0 13 462 25
9 0 13 516 25
10 0 12 570 25
11 0 12 624 25
0 1 12 30 73
1 1 2 84 73
2 1 8 165 73
4 1 2 246 73
8 1 3 489 73
9 1 13 516 73
10 1 2 570 73
11 1 3 651 73
12 1 13 678 73
0 2 12 30 121
1 2 2 84 121
2 2 8 165 121
4 2 2 246 121
6 2 1 354 121
8 2 3 489 121
9 2 13 516 121
10 2 2 570 121
11 2 3 651 121
12 2 13 678 121
0 3 12 30 169
4 3 1 246 169
5 3 1 300 169
6 3 6 354 169
7 3 1 408 169
8 3 1 462 169
9 3 13 516 169
11 3 1 624 169
12 3 13 678 169
0 4 12 30 217
3 4 3 219 217
4 4 9 246 217
5 4 4 300 217
6 4 1 354 217
7 4 2 408 217
8 4 4 462 217
9 4 7 516 217
11 4 13 624 217
12 4 13 678 217
0 5 1 30 265
1 5 1 84 265
2 5 2 138 265
5 5 13 300 265
6 5 1 354 265
7 5 13 408 265
10 5 3 597 265
11 5 1 624 265
12 5 1 678 265
0 6 11 30 313
1 6 12 84 313
2 6 12 138 313
3 6 12 192 313
4 6 3 273 313
5 6 13 300 313
6 6 13 354 313
7 6 13 408 313
8 6 2 462 313
9 6 12 516 313
10 6 12 570 313
11 6 12 624 313
12 6 11 678 313
0 7 6 30 361
1 7 1 84 361
2 7 1 138 361
4 7 4 246 361
5 7 13 300 361
6 7 13 354 361
7 7 13 408 361
8 7 4 462 361
9 7 3 543 361
10 7 1 570 361
11 7 1 624 361
12 7 6 678 361
0 8 9 30 409
1 8 9 84 409
2 8 9 138 409
4 8 5 246 433
6 8 13 354 409
8 8 5 462 433
10 8 9 570 409
11 8 9 624 409
12 8 9 678 409
0 9 12 30 457
1 9 1 84 457
2 9 12 138 457
3 9 12 192 457
4 9 1 246 457
8 9 6 462 457
9 9 12 516 457
10 9 12 570 457
11 9 12 624 457
12 9 12 678 457
0 10 13 30 505
1 10 1 84 505
2 10 2 138 505
5 10 4 300 505
7 10 4 408 505
10 10 3 597 505
11 10 1 624 505
12 10 13 678 505
2 11 4 138 553
6 11 5 354 577
10 11 13 570 553
11 11 13 624 553
12 11 13 678 553
2 12 6 138 601
5 12 3 327 601
6 12 14 354 601
7 12 2 408 601
10 12 5 570 625
11 12 13 624 601
12 12 13 678 601
