0 1 6 30 73
1 1 1 84 73
3 1 1 192 73
4 1 1 246 73
9 1 1 516 73
10 1 1 570 73
11 1 1 624 73
12 1 6 678 73
0 2 2 30 121
1 2 3 111 121
2 2 1 138 121
3 2 2 192 121
4 2 3 273 121
5 2 13 300 121
6 2 13 354 121
7 2 13 408 121
8 2 13 462 121
9 2 2 516 121
12 2 3 705 121
0 3 1 30 169
2 3 1 138 169
4 3 1 246 169
5 3 13 300 169
6 3 13 354 169
7 3 13 408 169
8 3 13 462 169
9 3 2 516 169
10 3 4 570 169
11 3 4 624 169
12 3 1 678 169
0 4 1 30 217
1 4 1 84 217
3 4 1 192 217
4 4 1 246 217
5 4 13 300 217
6 4 6 354 217
7 4 6 408 217
8 4 13 462 217
9 4 1 516 217
10 4 5 570 241
11 4 5 624 241
12 4 3 705 217
0 5 3 57 265
1 5 1 84 265
3 5 1 192 265
5 5 11 300 265
6 5 11 354 265
7 5 11 408 265
8 5 11 462 265
9 5 2 516 265
12 5 3 705 265
0 6 1 30 313
1 6 1 84 313
2 6 1 138 313
3 6 1 192 313
5 6 6 300 313
6 6 1 354 313
7 6 6 408 313
8 6 6 462 313
9 6 1 516 313
10 6 1 570 313
11 6 6 624 313
12 6 1 678 313
4 7 6 246 361
6 7 1 354 361
8 7 6 462 361
2 8 1 138 409
3 8 1 192 409
4 8 1 246 409
5 8 1 300 409
6 8 1 354 409
7 8 1 408 409
8 8 1 462 409
9 8 1 516 409
10 8 1 570 409
11 8 2 624 409
0 9 1 30 457
1 9 13 84 457
2 9 4 138 457
3 9 4 192 457
4 9 4 246 457
5 9 6 300 457
6 9 6 354 457
7 9 4 408 457
8 9 4 462 457
9 9 4 516 457
10 9 4 570 457
11 9 6 624 457
12 9 1 678 457
0 10 6 30 505
1 10 13 84 505
2 10 13 138 505
3 10 13 192 505
4 10 13 246 505
5 10 13 300 505
6 10 13 354 505
7 10 13 408 505
8 10 13 462 505
9 10 13 516 505
10 10 13 570 505
11 10 13 624 505
12 10 1 678 505
2 11 13 138 553
3 11 13 192 553
4 11 13 246 553
6 11 5 354 577
8 11 13 462 553
9 11 13 516 553
10 11 13 570 553
11 11 13 624 553
2 12 10 138 625
3 12 2 192 601
5 12 3 327 601
6 12 14 354 601
7 12 2 408 601
10 12 2 570 601
