3 0 6 192 25
7 0 6 408 25
0 1 13 30 73
1 1 1 84 73
3 1 6 192 73
7 1 1 408 73
9 1 1 516 73
11 1 1 624 73
0 2 13 30 121
1 2 1 84 121
3 2 13 192 121
4 2 13 246 121
5 2 13 300 121
6 2 1 354 121
7 2 1 408 121
9 2 1 516 121
10 2 6 570 121
11 2 1 624 121
0 3 13 30 169
3 3 1 192 169
6 3 1 354 169
7 3 1 408 169
9 3 6 516 169
12 3 12 678 169
0 4 13 30 217
3 4 1 192 217
5 4 1 300 217
6 4 6 354 217
9 4 1 516 217
10 4 13 570 217
11 4 1 624 217
12 4 6 678 217
0 5 13 30 265
1 5 13 84 265
3 5 1 192 265
4 5 1 246 265
5 5 1 300 265
8 5 6 462 265
9 5 1 516 265
10 5 13 570 265
0 6 1 30 313
1 6 1 84 313
2 6 1 138 313
3 6 1 192 313
4 6 1 246 313
5 6 13 300 313
6 6 13 354 313
7 6 6 408 313
8 6 1 462 313
9 6 1 516 313
10 6 13 570 313
11 6 1 624 313
3 7 6 192 361
4 7 13 246 361
5 7 1 300 361
7 7 1 408 361
9 7 1 516 361
11 7 1 624 361
0 8 6 30 409
1 8 1 84 409
2 8 11 138 409
3 8 6 192 409
5 8 1 300 409
7 8 1 408 409
9 8 11 516 409
10 8 11 570 409
11 8 1 624 409
12 8 11 678 409
0 9 11 30 457
1 9 1 84 457
3 9 1 192 457
5 9 1 300 457
6 9 1 354 457
7 9 1 408 457
9 9 1 516 457
10 9 6 570 457
11 9 1 624 457
12 9 11 678 457
0 10 13 30 505
1 10 1 84 505
3 10 1 192 505
5 10 1 300 505
6 10 1 354 505
7 10 1 408 505
12 10 11 678 505
0 11 11 30 553
1 11 1 84 553
6 11 5 354 577
9 11 1 516 553
11 11 1 624 553
12 11 11 678 553
0 12 11 30 601
1 12 1 84 601
3 12 1 192 601
5 12 3 327 601
6 12 14 354 601
7 12 2 408 601
9 12 1 516 601
10 12 1 570 601
11 12 1 624 601
